c25f7423e5
03c25f7423e6
03
01
0
0
014
0fae29192
09
05
0
0
0
0
0
0
0
0
0
0
0
0
0
0
0
0
0
0
0
0
0
0
0
0
0
0
0
0
0
0
08
0
0
0
0d6aab86f49d7add232b89f81f2282d9f437a6a1b2
0643ad6be9bb
0e
09
091acd6
0138
021f
0fd8
0b666dc333fb
04
0
0
0
0
0
0
0
0
0
0
0
0
0
0
0
0
0
0
021f
0f68be54b645564d
08
0
0
0
0
0
0
0
0
0
0
0
0
0
0
0
0
0
0
021f
076d6f646c5
06f745374616b65
0
0
0
0
0
0
0
0
0
0
0
0
0
0
0
0
0
0
0
0
0
0
0
0
0
0
0
0
0
0
0
0
0
0
0
0
0
0
0
0d8
0b666dc333fb
04
0
0
0
0
0
0
0
0
0
0
0
0
0
0
0
0
0
0
021f
076d6f646c7
0792f7472737279
0
0
0
0
0
0
0
0
0
0
0
0
0
0
0
0
0
0
0
0
0
0
0
0
0
0
0
0
0
0
0
0
0
0
0
0
0
0
0
068be54b645564d
08
0
0
0
0
0
0
0
0
0
0
0
0
0
0
0
0
0
0
021f
026d6f646c5
06f745374616b65
0
0
0
0
0
0
0
0
0
0
0
0
0
0
0
0
0
0
0
0
0
0
0
0
0
0
0
0
0
0
0
0
0
0
0
0
0
0
0
0
0
02119ef513c48ab6d8ff
07951
04cf259116
02d2d
0
0e422769de
05387e4e867fd8
0b666dc333fb
04
0
0
0
0
0
0
0
0
0
0
0
0
0
0
0
0
0
0
026b
0846c1f6cfd
0ea1f192f7f
08
0
0
0
0
0
0
0
0
0
0ae7f4b8616416d212f7f
08
0
0
0
0
0
0
0
0
0
0
0
0
0
0
0
0
0
0
0
0
0
0
0a
0
0c27552455517
02
0
0
0
0
0
0
01
0
0
0
0
0
0
0a
0
042287d1f
0
0
02
01
0
0
02
0a
03d6aab86f49d7add232b89f81f2282d9f437a6a1b2
0643ad6be9bb
0e
09
091acd6
0
0
021f
0
0d6aab86f49d7add232b89f81f2282d9f437a6a1b2
0643ad6be9bb
0e
09
091acd64
042
0f
0
0
0
0
0
0
0
0
0
0
0
0
0
0
0
0
0
0
0
0
0
0
0
0
0
0
0
0
021f
02d43593c715fdd31c61141abd
04a99fd6822c8558854ccde39a5684e7a56da27dd6aab86f49d7add232b89f81f2282d9f437a6a1b2
0643ad6be9bb
0e
09
091acd64
042
0f
0
0
0
0
0
0
0
0
0
0
0
0
0
0
0
0
0
0
0
0
0
0
0
0
0
0
0
0
0246
0
0d43593c715fdd31c61141abd
04a99fd6822c8558854ccde39a5684e7a56da27dd6aab86f49d7add232b89f81f2282d9f437a6a1b2
0643ad6be9bb
0e
09
091acd6
0
0
0246
08d43593c715fdd31c61141abd
04a99fd6822c8558854ccde39a5684e7a56da27dd6aab86f49d7add232b89f81f2282d9f437a6a1b2
0643ad6be9bb
0e
09
091acd6
0
028648348e4
04
0
0
0
0
0
0
0
0
0
0
0
0
0
0
0
0
0
0
0
0
0246
08d43593c715fdd31c61141abd
04a99fd6822c8558854ccde39a5684e7a56da27dd6aab86f49d7add232b89f81f2282d9f437a6a1b2
0643ad6be9bb
0e
09
091acd6
0
09
06f
0e4a25
0
0
0
0
0
0
0
0
0
0
0
0
0
0
0
0
0
0
0
0
0
0